<?xml version="1.0"?>
<opencv_storage>
<intrinsics_penne type_id="opencv-matrix">
  <rows>5</rows>
  <cols>1</cols>
  <dt>d</dt>
  <data>
    -3.868419661883070e-02
     5.926625279332916e-02
     1.248343881302429e-03
     2.800134913867002e-04
                         0
  </data></intrinsics_penne>
</opencv_storage>
