<?xml version="1.0"?>
<opencv_storage>
<intrinsics_penne type_id="opencv-matrix">
  <rows>3</rows>
  <cols>3</cols>
  <dt>d</dt>
  <data>
     1.456203658494818e+03                         0     1.228103308049689e+03
                         0     1.456004760031673e+03     1.032011019239082e+03
                         0                         0     1.000000000000000e+00
  </data></intrinsics_penne>
</opencv_storage>
